39294454849608
19323527929286
18197957546452
88216128585017
82770580739417
45888636382920
62128278018540
53122985114992
55032456310006
46638238824111
56183611362627
56785856834764
53371660209000
15008568161085
34162993126704
28645595960080
27214644566366
89511399708154
37218595045312
84522316052762
48896007740264
76440801790841
18509031600405
60427933638288
66166365226710
3548500497546
94705901621436
31204401680199
85049811601689
48756776696108
4707270330376
28229705090147
43693965555495
71388600701700
19928165566827
77028798820007
66007502247123
36972773514590
21916714726992
55829679927813
17262087777564
99012304015239
92718828445246
85866478134257
30738359438961
51357693550783
99519704836781
29043108991142
31372175151741
44108837711615
60180232713341
40068540124370
58126058274866
94170100636753
12660913225093
18816278573017
76535735694576
59434366473227
75880067149444
45378089915941
2841465077363
6157482073401
63782905808175
30496657538470
90666984697828
60920191298054
79769066237118
3069319244951
95824142974244
99689202657719
49662201727445
96958492814601
42434879347974
7138669353259
28062039546619
46358657494570
2341980945972
1798297893788
56791510973920
92909860585394
53186254218823
28159321199173
80302443469147
63190426343175
86134733019912
88044870357726
98357593318177
64338513182724
90240246611943
86381501801217
63129267007452
91014340540423
69626702815149
7049985766109
41952637954414
36252938702582
27211219399623
29851380751268
57028841584158
98507565555225
27490530162414
89680336262178
1700674153944
84074347114453
26227273631171
78001458324915
58031328550306
80730280606381
8266225615415
34133901500034
55912485142673
95745871805134
40618295285063
20870518897376
88018612478853
2406049600363
78254372542431
12790202413470
20520625813048
51219300419652
41695054888611
6694825789251
75331165801173
49326627695833
45595513811154
37572039345731
38031399538489
56267610049372
38265162638814
55362207505853
53276554840546
41250520333764
71822142599783
20794096446494
16901833650317
98133239507030
67630713614096
58211710455222
17779617740534
94203499068232
5668079706839
53577761431814
88389539493985
7218422851341
45284394158897
96783884771
29001505087091
53636106544255
93148712490773
54338335607113
85440843737850
31765171772857
74451157311248
25350175008767
59372750716126
49958591220848
84414431951393
38624307400447
49776107134135
28872391527942
90007103325557
23419901325534
51504659223721
13213278271405
15973597337704
39788728350001
9114327523011
9253132898309
72940045238429
58636179055770
48828528677049
19302855793483
64536364608931
3010721402214
64030081024371
78341180482104
11410839691932
77676985773855
70387064576120
69579651816705
93622935820463
31588514415071
27948878337244
35343242576806
54273599514842
10255208074049
20572409957947
96103274994618
40500518634487
33845830418557
43435419699034
91905191547872
92172233050445
92764544214336
93199833926984
43375368539992
35956260578194
73193545227854
86489886814897
3412830868087
33096627725680
43671553332752
9520801537133
21485669690170
14881434897492
93312108197753
59567935413223
91733075102115
96684615186835
54949619754316
18676032516175
2246754042234
99465748477787
30577896455162
70554679458101
30673794042149
20195952858816
26382012975764
10456574601177
32472618300060
85247961338515
61289906162742
81457180486364
85742172321462
66854213054232
99593628322498
4750632115491
83607401066671
69905030975060
24678003573926
46544712444991
95241988197848
43777402981129
52126201988983
87650387212029
79354623679856
5405562323342
91473855866626
29363820849348
59350684703840
3096586190450
86935794306317
62312137701581
12007309323863
75660955067306
75942264189291
38780977857306
65223632344646
76270501908859
19679281180267
93670128261432
45417342374547
57019696570945
96279714321303
30534053050797
48312151620828
69215341025320
17006525372423
32577779071334
21441611850555
95135190650279
33607460758847
60449878043823
7803056375642
77270297333539
30040989904102
95518995691854
46442692423966
41394517451685
86911879018848
59749816270664
50281736013507
34676481050182
24896726876950
84328065570031
16884758672011
86917553757937
94110205719614
80954806601342
72227417076137
33831022654379
68676155170259
10208771384316
97968100610898
95040301535241
68305280583392
9486899909104
55979412060192
35173080653661
64151144682898
49408791434946
23956914515532
4849231110232
35647351609261
62485800645941
65388809826873
22399802539954
34321761457621
51275270439676
86762256263696
64399316813710
28365253758881
54896508012120
14233162856468
65376704813527
51482542005014
53175793811594
84933929181637
9695196626435
14243691516664
51099607399819
54085545612647
15934548276142
34817947497509
2779217926014
21172936179804
22173395321295
55106496761851
43325196175324
81031401304579
54835687043510
29460442019936
30170730775678
32006049276365
35989647331568
88966601090887
76046102766096
67154714727601
77037537214563
13476916234
78486804745211
23158943675901
70961235392498
29541569225677
92862226981541
87114509518087
5086332957291
6457021985848
93193735922170
6428245887197
36318403320559
71253306242993
43147715912025
30942438028484
53070196773469
32914140658948
48569827013462
91223230116534
78494991038395
49313832612257
64256895466270
96837615414575
28353267904625
69798907533445
37814727379944
58394008382331
39232251804269
52372494334988
51709684831336
76614916658903
21042007125288
22142689260170
55263760894458
489818212871
39665023026638
37857511701439
74889450231392
47705150086034
86849117667125
8133251999386
32183629954098
28322819099971
88887551493158
48873371352453
70310276828392
30872772663669
63315882746809
75153341938983
47026760946044
48897190765795
38208294198200
33693859983313
15152811837412
602677200565
72110171905982
16178858826136
40458389226064
21471386391796
1471389522002
46752745771940
78152714055006
23644909340881
76306395393089
28577656980027
33261129265954
32038641234492
8870472882304
18752303649569
95578118535265
77207533307161
4462440247352
3695085741251
54010974670604
36101176414012
54279967487464
75503579263422
91125169495453
51272097435835
33104813864795
5547960281784
63802581944656
49571462736090
20686111699557
30998374878031
36606165118534
37744054505353
39945162922187
31077248159512
61557546830213
96220812731392
2809761868191
77418686112074
77836605216138
21527417682587
28969253830865
36693387191514
4188637524427
25255103905399
16776251909746
57933278647704
41616664520211
42137696299374
44272504964980
78263564609531
73681273323
5011766168910
82139945137841
18117508769197
19810466942163
37062704736910
13187580554006
94027210708728
67450665814879
24374543500352
87132284149552
43968342054363
62751498647762
21372692099171
40067000157312
46110783652476
90362443620572
73176503788178
29748210800917
15966511244317
61636951729853
98001584635034
18844998174389
83495718416088
6592107159547
52239135136102
86212502544145
64256653230024
86856109870486
56540880717821
56942733154955
68303691586683
17347810168777
45631441823169
64723499380871
7280984993524
84064096406732
26151792129106
54805966654963
5074342204744
61572447388223
35820000085254
7212567561591
88093538912975
12498311317859
13371215382795
68343858644843
33485729454942
13196353125733
243118562492
64470759199524
94659055294800
43243756917339
80023581078612
53030786662419
12226847712371
90107322336521
30627799355113
75311457001398
66018179064972
21751599027481
24555044267778
81567573025471
49268670354252
33709422741552
25201840002304
77686335883916
72700446285441
4620295272735
19077127903196
23516641026876
5781328832926
96771140602036
27932191686149
68157248245763
25448122306518
65505996827517
81839512562367
32738172193715
51852915758206
35519928327130
59393420904670
42721990155945
85979541065428
97656520697306
77590743140853
64524406346007
57300000095405
67154223205135
45593088065323
23133459000673
25148665699155
10667551534882
45570332148075
55295845233942
60397017611884
41446954547964
4449249104664
40776140971262
29016065853863
91168608645745
87453756323760
28333711530887
75409128919513
35059422493682
29380293216252
27194393984058
47541361111272
87874596160053
23621775982793
69990413187533
93802825439371
49933962797243
22146016332429
39587712221508
44369707367132
67758491948391
29390460644115
34932294932107
84198034432460
72118521124994
17951052492085
75073316138872
83522214618203
59472246233745
14264864240195
59669872188175
25496550291942
53233390833108
95637425986355
1174906202583
32442075990823
11426529812477
23951459856506
96011547619136
72435853834711
15039847829388
24264897418367
4353345544486
8883012433821
19250879004204
86698363032093
73937282086228
30609081443519
35169700921044
51862119227894
62008793756056
4190137878759
80950382036612
40332431521121
14312453841415
59103332638670
76231379173092
58483196892011
52195833221497
75862332540693
19935696040295
41210464177996
63614833905466
51645002258318
9971153377790
53012603777784
98069665524062
40923518797930
24285628833628
46628785544499
59477111529490
49799693138994
69447738195662
96834439868186
38993948570142
63232576401586
18177149587213
64165025072391
3785134963766
26737784999645
27465099775901
76812495705680
3959343648955
30722668512588
16855952056167
54252213126628
13045493849281
77103034067308
25033399625067
9435531578451
30789558841727
71188749507668
48091447116836
44374882375464
88426547956683
14183619297784
20589087243964
73975755282607
58249391265767
55315577333105
73605593164157
71201165310592
49086544308191
48388345668036
20249162661697
17643004898423
64699907030079
64011473379370
30695065845390
14243917680279
58336573892486
94094711536154
73728262203198
8704857272576
6207737116489
29439327047283
57716794374529
45854595855615
68827988963750
24390360414863
40972048001311
78944727361160
17925794285636
51351780841175
99223491902856
88492944918625
81318961231603
20358366190494
36325168070592
3552396617579
86691489470179
20229381851709
95721895595233
19550494426073
25070124838645
85860304727309
13774509918461
9862286281834
89056243071856
59557277582745
84697838460829
73339042741588
3301045883406
34202202394226
56057603995496
94666515737017
87900506429308
76973968105315
64351287574989
65711428410685
78958508199164
26282710515585
70872861946864
46516475016587
42480366913675
93741490485343
85278864121233
82283982534903
96916819207431
34777750973762
85798519647291
71641697664907
76687850729256
92948720347771
88822023619679
86269541491832
36306354835914
4211685897107
62851753697577
98072986701975
84122708024945
78831698628702
28775669337778
10179779926202
51357961932515
73623854430782
93333507420023
19402589659909
94253103527026
24606986299150
38085895928779
30950671702754
23911480525184
18832518582213
47112720835057
84136494371942
48311786889381
21817704330337
33477553026287
69497922892156
46333648286048
27741532820922
49140734995270
8499614823464
48689445956848
38048790021970
26110295320555
99885467428684
74930806983376
79932533765879
62269999491871
96709348563616
12225158558854
27887558692706
49142445508431
97296525306395
10964540894883
36001817156830
80511794559667
85381938906441
6780705210023
67320726994642
27306173745819
31023123685022
34322177306942
9148693172128
21010145476131
47894994929350
1389130932408
10602139222935
94577240194194
37945177231092
72289573523081
63827995492021
10761175023157
62048486441320
25187607452732
79722420539563
40262725962970
59204907185464
71185256914767
96672213505156
34568692320275
59045975277444
53766439569285
99582292776095
69095690621433
84115477995821
17950987947010
61725552399228
45607100481730
27114726915477
16531282179271
54608802348135
12198037938587
976276539682
63965657774912
34676810705474
33914190389115
65698272101025
623748058954
55539548262591
97480779195897
41508617295107
47862268584953
63125925143444
42303731284080
94132901235464
61031045901209
82432241707676
77507183490378
93770817456167
26997996017725
36806983940752
5396367275312
25618756386963
19135247962391
96324946099210
28564367878138
97384139702929
20873212981272
38307978727606
77545681397968
29714235379033
48896123558075
23271068038501
98419449908086
69612402086333
26232786180045
64304917081070
94031205317631
80984362385444
24069695033380
87658661036430
8436174624382
65975574893211
60592339740975
41757927599402
62992340431917
2014216069870
45287945666152
68337619974136
67359417284756
69026247930311
2452962233672
299530077711
56954243088452
33008339763517
42892774583292
16394152143569
38143370661266
28901197350721
70303983664915
50062179170705
46139436848182
49361044825916
50034858654204
75585671434749
25526979791943
20290070568682
14236124525350
18031424587920
88307489636876
99970233381273
56939645516837
91864389467563
69886223067198
52433888063864
95547513928076
77967438467835
78367513044189
52901106560641
70997457661431
61984609084953
17762144619595
85197763610732
95936289811076
4668977048008
17767561250603
84057981767961
94655704618490
67072610755153
50182658222195
61327087768554
59290619534233
87439400779613
12431617814537
14097351506196
84208720892483
44333936655353
58535476089604
51507195114460
89488421903472
20190172240196
37173523872915
16265726118084
98970141496117
90599127601997
27321254977101
65396673319072
94301401974176
47952354995581
68051850374127
29185569348254
99256129223238
6729191467985
42011471531521
97602439952502
3318807799691
50359808489273
78814476685783
61980087179043
97488077971066
44039936781131
59071858026170
81164440201943
13161551894630
13850388889248
70991781110374
16513260142429
33715754588897
88047309367455
34930989932531
6148352428828
86476349640432
32267610876122
554761505763
9142806114405
52332853612723
66724253748817
41173834676509
35733152101052
11730876151822
6600734097572
83497931518745
48328510545734
43444127392809
60259434687945
92102317786203
42363123495865
54360143982647
49946213463365
6611244875818
80132961395746
96411476877074
26166214852022
60881161029389
36182889828432
21586584905704
33533644427709
25422848575118
84810447503289
11001864477385
22310889485028
57894871413353
1123398735675
25938880182218
64203243666176
42536536617701
75605326158709
85475541583631
3559473910316
66408558363332
8759438447889
67594882728961
85780929985763
97925234693269
89135421516352
75669314439749
72237033543217
28073383408547
58226680609806
22931567944380
54453876245316
48361077925837
25269930108078
7656239952162
68094253056316
99663211440677
84875418221412
1924668331833
70134889199939
18465040016066
46004466490512
63131117363500
90984034188886
77342188060942
68733767550195
15120104692223
41252698873509
6689622120103
49985923523283
44855062296025
19477599055370
31850065561109
58029100472429
53790428980516
45886411302518
86163065179928
80293871559305
85372923619961
91445793938470
64113178972645
1353580763621
4346327532484
88065846926115
5071437399545
25613291315408
70135306413385
90161994384239
29383781875527
16321414088132
87778334326346
81189829262199
38758716847363
74201406128882
65155796128857
37357993384170
80956528180967
8003278947185
